$ANSIBLE_VAULT;1.1;AES256
33633630376235313137383833666433653936333364656131626139373637366663323539623663
3630346334626430623632626266643034323865356239380a316664303834653236356365643436
64363262323232663466623264343836636236303234366461633864333336343161346262646632
3963386230366161300a366238653664343262636232613761626538376465303561613132626339
64393232646239363161323538353336346431643865623231656535636334393666653339353036
66646138356138373237353164376262653936613931303330303438316434623330633266326135
31653764636262626536633536616234626636373631616330333962346334316134323635386632
33316635663235623362386361346133613731363833646637373231663537326138306232643065
37613538343035326166646437366461633262393032306139353665396366313637306233656436
38623661376639313931313934343937613233656663383364623330623264613936316636623137
66646166653863666162343562636164303031616565393633373266333066333032623234386433
39386533383562616233393639653230313036306566626637363433323662313465316435633666
6565
